 0.00000000e+00 0.00000000e+00 0.00000000e+00
 2.51139812e-03 0.00000000e+00 0.00000000e+00
 5.02227391e-03 0.00000000e+00 -6.38260149e-05
 7.53104333e-03 0.00000000e+00 -1.90628256e-04
 1.00361849e-02 0.00000000e+00 -3.79524376e-04
 1.25362392e-02 0.00000000e+00 -6.29602491e-04
 1.50298083e-02 0.00000000e+00 -9.39924094e-04
 1.75155552e-02 0.00000000e+00 -1.30952685e-03
 1.99922028e-02 0.00000000e+00 -1.73742730e-03
 2.24585335e-02 0.00000000e+00 -2.22262341e-03
 2.49133878e-02 0.00000000e+00 -2.76409706e-03
 2.73556638e-02 0.00000000e+00 -3.36081637e-03
 2.97843159e-02 0.00000000e+00 -4.01173799e-03
 3.21983538e-02 0.00000000e+00 -4.71580921e-03
 3.45968413e-02 0.00000000e+00 -5.47196999e-03
 3.69788955e-02 0.00000000e+00 -6.27915493e-03
 3.93436849e-02 0.00000000e+00 -7.13629504e-03
 4.16904292e-02 0.00000000e+00 -8.04231954e-03
 4.40183969e-02 0.00000000e+00 -8.99615743e-03
 4.63269050e-02 0.00000000e+00 -9.99673908e-03
 4.86153173e-02 0.00000000e+00 -1.10429977e-02
 5.08830429e-02 0.00000000e+00 -1.21338705e-02
 5.31295354e-02 0.00000000e+00 -1.32683004e-02
 5.53542913e-02 0.00000000e+00 -1.44452367e-02
 5.75568486e-02 0.00000000e+00 -1.56636366e-02
 5.97367858e-02 0.00000000e+00 -1.69224659e-02
 6.18937204e-02 0.00000000e+00 -1.82207003e-02
 6.40273075e-02 0.00000000e+00 -1.95573259e-02
 6.61372389e-02 0.00000000e+00 -2.09313405e-02
 6.82232413e-02 0.00000000e+00 -2.23417538e-02
 7.02850756e-02 0.00000000e+00 -2.37875885e-02
 7.23225352e-02 0.00000000e+00 -2.52678807e-02
 7.43354450e-02 0.00000000e+00 -2.67816804e-02
 7.63236601e-02 0.00000000e+00 -2.83280524e-02
 7.82870648e-02 0.00000000e+00 -2.99060762e-02
 8.02255711e-02 0.00000000e+00 -3.15148469e-02
 8.21391179e-02 0.00000000e+00 -3.31534752e-02
 8.40276696e-02 0.00000000e+00 -3.48210878e-02
 8.58912150e-02 0.00000000e+00 -3.65168277e-02
 8.77297666e-02 0.00000000e+00 -3.82398544e-02
 8.95433589e-02 0.00000000e+00 -3.99893442e-02
 9.13320481e-02 0.00000000e+00 -4.17644899e-02
 9.30959106e-02 0.00000000e+00 -4.35645015e-02
 9.48350419e-02 0.00000000e+00 -4.53886060e-02
 9.65495563e-02 0.00000000e+00 -4.72360470e-02
 9.82395854e-02 0.00000000e+00 -4.91060857e-02
 9.99052772e-02 0.00000000e+00 -5.09979999e-02
 1.01546796e-01 0.00000000e+00 -5.29110846e-02
 1.03164319e-01 0.00000000e+00 -5.48446515e-02
 1.04758041e-01 0.00000000e+00 -5.67980292e-02
 1.06328166e-01 0.00000000e+00 -5.87705631e-02
 1.07874913e-01 0.00000000e+00 -6.07616149e-02
 1.09398513e-01 0.00000000e+00 -6.27705629e-02
 1.10899206e-01 0.00000000e+00 -6.47968016e-02
 1.12377242e-01 0.00000000e+00 -6.68397416e-02
 1.13832884e-01 0.00000000e+00 -6.88988093e-02
 1.15266400e-01 0.00000000e+00 -7.09734468e-02
 1.16678070e-01 0.00000000e+00 -7.30631115e-02
 1.18068177e-01 0.00000000e+00 -7.51672763e-02
 1.19437016e-01 0.00000000e+00 -7.72854288e-02
 1.20784885e-01 0.00000000e+00 -7.94170713e-02
 1.22112089e-01 0.00000000e+00 -8.15617209e-02
 1.23418940e-01 0.00000000e+00 -8.37189085e-02
 1.24705753e-01 0.00000000e+00 -8.58881792e-02
 1.25972849e-01 0.00000000e+00 -8.80690916e-02
 1.27220550e-01 0.00000000e+00 -9.02612178e-02
 1.28449186e-01 0.00000000e+00 -9.24641430e-02
 1.29659087e-01 0.00000000e+00 -9.46774652e-02
 1.30850587e-01 0.00000000e+00 -9.69007950e-02
 1.32024021e-01 0.00000000e+00 -9.91337550e-02
 1.33179728e-01 0.00000000e+00 -1.01375980e-01
 1.34318047e-01 0.00000000e+00 -1.03627117e-01
 1.35439319e-01 0.00000000e+00 -1.05886823e-01
 1.36543885e-01 0.00000000e+00 -1.08154767e-01
 1.37632088e-01 0.00000000e+00 -1.10430630e-01
 1.38704270e-01 0.00000000e+00 -1.12714101e-01
 1.39760775e-01 0.00000000e+00 -1.15004881e-01
 1.40801943e-01 0.00000000e+00 -1.17302681e-01
 1.41828118e-01 0.00000000e+00 -1.19607220e-01
 1.42839640e-01 0.00000000e+00 -1.21918230e-01
 1.43836849e-01 0.00000000e+00 -1.24235448e-01
 1.44820085e-01 0.00000000e+00 -1.26558622e-01
 1.45789684e-01 0.00000000e+00 -1.28887509e-01
 1.46745982e-01 0.00000000e+00 -1.31221874e-01
 1.47689313e-01 0.00000000e+00 -1.33561490e-01
 1.48620008e-01 0.00000000e+00 -1.35906137e-01
 1.49538399e-01 0.00000000e+00 -1.38255604e-01
 1.50444810e-01 0.00000000e+00 -1.40609687e-01
 1.51339568e-01 0.00000000e+00 -1.42968189e-01
 1.52222994e-01 0.00000000e+00 -1.45330919e-01
 1.53095408e-01 0.00000000e+00 -1.47697694e-01
 1.53957124e-01 0.00000000e+00 -1.50068338e-01
 1.54808457e-01 0.00000000e+00 -1.52442680e-01
 1.55649716e-01 0.00000000e+00 -1.54820555e-01
 1.56481207e-01 0.00000000e+00 -1.57201804e-01
 1.57303233e-01 0.00000000e+00 -1.59586275e-01
 1.58116094e-01 0.00000000e+00 -1.61973819e-01
 1.58920085e-01 0.00000000e+00 -1.64364294e-01
 1.59715498e-01 0.00000000e+00 -1.66757563e-01
 1.60502621e-01 0.00000000e+00 -1.69153493e-01
 1.61281738e-01 0.00000000e+00 -1.71551957e-01
 1.62053129e-01 0.00000000e+00 -1.73952830e-01
 1.62817070e-01 0.00000000e+00 -1.76355995e-01
 1.63573833e-01 0.00000000e+00 -1.78761337e-01
 1.64323685e-01 0.00000000e+00 -1.81168745e-01
 1.65066889e-01 0.00000000e+00 -1.83578112e-01
 1.65803705e-01 0.00000000e+00 -1.85989336e-01
 1.66534386e-01 0.00000000e+00 -1.88402317e-01
 1.67259182e-01 0.00000000e+00 -1.90816959e-01
 1.67978339e-01 0.00000000e+00 -1.93233171e-01
 1.68692097e-01 0.00000000e+00 -1.95650862e-01
 1.69400694e-01 0.00000000e+00 -1.98069948e-01
 1.70104359e-01 0.00000000e+00 -2.00490344e-01
 1.70803321e-01 0.00000000e+00 -2.02911972e-01
 1.71497800e-01 0.00000000e+00 -2.05334753e-01
 1.72188015e-01 0.00000000e+00 -2.07758613e-01
 1.72874178e-01 0.00000000e+00 -2.10183480e-01
 1.73556496e-01 0.00000000e+00 -2.12609284e-01
 1.74235172e-01 0.00000000e+00 -2.15035960e-01
 1.74910404e-01 0.00000000e+00 -2.17463441e-01
 1.75582384e-01 0.00000000e+00 -2.19891665e-01
 1.76251302e-01 0.00000000e+00 -2.22320573e-01
 1.76917340e-01 0.00000000e+00 -2.24750106e-01
 1.77580675e-01 0.00000000e+00 -2.27180209e-01
 1.78241482e-01 0.00000000e+00 -2.29610826e-01
 1.78899927e-01 0.00000000e+00 -2.32041907e-01
 1.79556174e-01 0.00000000e+00 -2.34473400e-01
 1.80210380e-01 0.00000000e+00 -2.36905258e-01
 1.80862700e-01 0.00000000e+00 -2.39337433e-01
 1.81513279e-01 0.00000000e+00 -2.41769882e-01
 1.82162261e-01 0.00000000e+00 -2.44202560e-01
 1.82809784e-01 0.00000000e+00 -2.46635427e-01
 1.83455979e-01 0.00000000e+00 -2.49068442e-01
 1.84100975e-01 0.00000000e+00 -2.51501567e-01
 1.84744892e-01 0.00000000e+00 -2.53934766e-01
 1.85387849e-01 0.00000000e+00 -2.56368002e-01
 1.86029957e-01 0.00000000e+00 -2.58801243e-01
 1.86671323e-01 0.00000000e+00 -2.61234455e-01
 1.87312048e-01 0.00000000e+00 -2.63667609e-01
 1.87952229e-01 0.00000000e+00 -2.66100674e-01
 1.88591957e-01 0.00000000e+00 -2.68533624e-01
 1.89231318e-01 0.00000000e+00 -2.70966430e-01
 1.89870393e-01 0.00000000e+00 -2.73399069e-01
 1.90509258e-01 0.00000000e+00 -2.75831516e-01
 1.91147983e-01 0.00000000e+00 -2.78263749e-01
 1.91786634e-01 0.00000000e+00 -2.80695747e-01
 1.92425271e-01 0.00000000e+00 -2.83127490e-01
 1.93063949e-01 0.00000000e+00 -2.85558960e-01
 1.93702718e-01 0.00000000e+00 -2.87990139e-01
 1.94341622e-01 0.00000000e+00 -2.90421013e-01
 1.94980701e-01 0.00000000e+00 -2.92851567e-01
 1.95619990e-01 0.00000000e+00 -2.95281788e-01
 1.96259517e-01 0.00000000e+00 -2.97711665e-01
 1.96899308e-01 0.00000000e+00 -3.00141186e-01
 1.97539380e-01 0.00000000e+00 -3.02570344e-01
 1.98179747e-01 0.00000000e+00 -3.04999131e-01
 1.98820418e-01 0.00000000e+00 -3.07427540e-01
 1.99461397e-01 0.00000000e+00 -3.09855567e-01
 2.00102681e-01 0.00000000e+00 -3.12283208e-01
 2.00744265e-01 0.00000000e+00 -3.14710461e-01
 2.01386135e-01 0.00000000e+00 -3.17137326e-01
 2.02028275e-01 0.00000000e+00 -3.19563802e-01
 2.02670662e-01 0.00000000e+00 -3.21989893e-01
 2.03313269e-01 0.00000000e+00 -3.24415600e-01
 2.03956064e-01 0.00000000e+00 -3.26840930e-01
 2.04599009e-01 0.00000000e+00 -3.29265888e-01
 2.05242061e-01 0.00000000e+00 -3.31690481e-01
 2.05885172e-01 0.00000000e+00 -3.34114719e-01
 2.06528289e-01 0.00000000e+00 -3.36538611e-01
 2.07171355e-01 0.00000000e+00 -3.38962169e-01
 2.07814305e-01 0.00000000e+00 -3.41385406e-01
 2.08457072e-01 0.00000000e+00 -3.43808336e-01
 2.09099582e-01 0.00000000e+00 -3.46230975e-01
 2.09741757e-01 0.00000000e+00 -3.48653340e-01
 2.10383512e-01 0.00000000e+00 -3.51075449e-01
 2.11024759e-01 0.00000000e+00 -3.53497321e-01
 2.11665405e-01 0.00000000e+00 -3.55918978e-01
 2.12305350e-01 0.00000000e+00 -3.58340442e-01
 2.12944491e-01 0.00000000e+00 -3.60761736e-01
 2.13582717e-01 0.00000000e+00 -3.63182884e-01
 2.14219915e-01 0.00000000e+00 -3.65603914e-01
 2.14855966e-01 0.00000000e+00 -3.68024851e-01
 2.15490745e-01 0.00000000e+00 -3.70445724e-01
 2.16124122e-01 0.00000000e+00 -3.72866563e-01
 2.16755962e-01 0.00000000e+00 -3.75287398e-01
 2.17386126e-01 0.00000000e+00 -3.77708260e-01
 2.18014469e-01 0.00000000e+00 -3.80129183e-01
 2.18640841e-01 0.00000000e+00 -3.82550201e-01
 2.19265086e-01 0.00000000e+00 -3.84971346e-01
 2.19887044e-01 0.00000000e+00 -3.87392656e-01
 2.20506550e-01 0.00000000e+00 -3.89814167e-01
 2.21123433e-01 0.00000000e+00 -3.92235916e-01
 2.21737516e-01 0.00000000e+00 -3.94657940e-01
 2.22348619e-01 0.00000000e+00 -3.97080278e-01
 2.22956556e-01 0.00000000e+00 -3.99502971e-01
 2.23561136e-01 0.00000000e+00 -4.01926056e-01
 2.24162161e-01 0.00000000e+00 -4.04349576e-01
 2.24759429e-01 0.00000000e+00 -4.06773570e-01
 2.25352735e-01 0.00000000e+00 -4.09198079e-01
 2.25941865e-01 0.00000000e+00 -4.11623145e-01
 2.26526602e-01 0.00000000e+00 -4.14048809e-01
